00110100000000000000000000000001
00110100000000000100000000000010
00110100000000001000000000000011
00110100000000001100000000000100
00110100000000100000000000000101
00110100000000100100000000000110
00110100000000101000000000000111
00110100000000101100000000001000
01000000001000000000000000000000
01000000001000000000000000000000
01000000001000000000000000000000
01000000001000000000000000000000
01000000001000000000000000000000
01000000001000000000000000000000
01000000001000000000000000000000
01000000001000000000000000000000
01000000001000000000000000000000
01000000001000000000000000000000
01011000110000010100000010001001
11100001010000011000000100001001
11100001011000011100000110001010
11100001100000100000001000001011
01000000001000000000000000000000
01000000001000000000000000000000
01000000001000000000000000000000
01000000001000000000000000000000
01000000001000000000000000000000
01000000001000000000000000000000
01000000001000000000000000000000
01000000001000000000000000000000
01000000001000000000000000000000
01000000001000000000000000000000
00100100000001010100000000001100
01000000001000000000000000000000
01000000001000000000000000000000
01000000001000000000000000000000
01000000001000000000000000000000
01000000001000000000000000000000
01000000001000000000000000000000
01000000001000000000000000000000
01000000001000000000000000000000
01000000001000000000000000000000
01000000001000000000000000000000
00111000100001010000000000010101
