00000000
00000000
00000000
00000000
01000000
10000000
00000000
00000000
01000001
00000000
00000000
00000000
01000001
01000000
00000000
00000000
00111111
10000000
00000000
00000000
01000000
10100000
00000000
00000000
01000001
00010000
00000000
00000000
01000001
01010000
00000000
00000000
01000000
00000000
00000000
00000000
01000000
11000000
00000000
00000000
01000001
00100000
00000000
00000000
01000001
01100000
00000000
00000000
01000000
01000000
00000000
00000000
01000000
11100000
00000000
00000000
01000001
00110000
00000000
00000000
01000001
01110000
00000000
00000000
01000001
10000000
00000000
00000000
01000001
10000000
00000000
00000000
01000001
10000000
00000000
00000000
01000001
10000000
00000000
00000000
01000001
10001000
00000000
00000000
01000001
10001000
00000000
00000000
01000001
10001000
00000000
00000000
01000001
10001000
00000000
00000000
01000001
10010000
00000000
00000000
01000001
10010000
00000000
00000000
01000001
10010000
00000000
00000000
01000001
10010000
00000000
00000000
01000001
10011000
00000000
00000000
01000001
10011000
00000000
00000000
01000001
10011000
00000000
00000000
01000001
10011000
00000000
00000000
01000001
10100000
00000000
00000000
01000001
10100000
00000000
00000000
01000001
10100000
00000000
00000000
01000001
10100000
00000000
00000000
01000001
10101000
00000000
00000000
01000001
10101000
00000000
00000000
01000001
10101000
00000000
00000000
01000001
10101000
00000000
00000000
01000001
10110000
00000000
00000000
01000001
10110000
00000000
00000000
01000001
10110000
00000000
00000000
01000001
10110000
00000000
00000000
01000001
10111000
00000000
00000000
01000001
10111000
00000000
00000000
01000001
10111000
00000000
00000000
01000001
10111000
00000000
00000000
01000001
11000000
00000000
00000000
01000001
11000000
00000000
00000000
01000001
11000000
00000000
00000000
01000001
11000000
00000000
00000000
01000001
11001000
00000000
00000000
01000001
11001000
00000000
00000000
01000001
11001000
00000000
00000000
01000001
11001000
00000000
00000000
01000001
11010000
00000000
00000000
01000001
11010000
00000000
00000000
01000001
11010000
00000000
00000000
01000001
11010000
00000000
00000000
01000001
11011000
00000000
00000000
01000001
11011000
00000000
00000000
01000001
11011000
00000000
00000000
01000001
11011000
00000000
00000000
01000001
11100000
00000000
00000000
01000001
11100000
00000000
00000000
01000001
11100000
00000000
00000000
01000001
11100000
00000000
00000000
01000001
11101000
00000000
00000000
01000001
11101000
00000000
00000000
01000001
11101000
00000000
00000000
01000001
11101000
00000000
00000000
01000001
11110000
00000000
00000000
01000001
11110000
00000000
00000000
01000001
11110000
00000000
00000000
01000001
11110000
00000000
00000000
01000001
11111000
00000000
00000000
01000001
11111000
00000000
00000000
01000001
11111000
00000000
00000000
01000001
11111000
00000000
00000000
